-87.0 41.0
-87.0 41.5
-87.0 42.0
-87.0 42.5
-87.0 43.0
-87.0 43.5
-87.0 44.0
-87.0 44.5
-87.0 45.0
-87.0 45.5
-87.0 46.0
-86.5 41.0
-86.5 41.5
-86.5 42.0
-86.5 42.5
-86.5 43.0
-86.5 43.5
-86.5 44.0
-86.5 44.5
-86.5 45.0
-86.5 45.5
-86.5 46.0
-86.0 41.0
-86.0 41.5
-86.0 42.0
-86.0 42.5
-86.0 43.0
-86.0 43.5
-86.0 44.0
-86.0 44.5
-86.0 45.0
-86.0 45.5
-86.0 46.0
-85.5 41.0
-85.5 41.5
-85.5 42.0
-85.5 42.5
-85.5 43.0
-85.5 43.5
-85.5 44.0
-85.5 44.5
-85.5 45.0
-85.5 45.5
-85.5 46.0
-85.0 41.0
-85.0 41.5
-85.0 42.0
-85.0 42.5
-85.0 43.0
-85.0 43.5
-85.0 44.0
-85.0 44.5
-85.0 45.0
-85.0 45.5
-85.0 46.0
-84.5 41.0
-84.5 41.5
-84.5 42.0
-84.5 42.5
-84.5 43.0
-84.5 43.5
-84.5 44.0
-84.5 44.5
-84.5 45.0
-84.5 45.5
-84.5 46.0
-84.0 41.0
-84.0 41.5
-84.0 42.0
-84.0 42.5
-84.0 43.0
-84.0 43.5
-84.0 44.0
-84.0 44.5
-84.0 45.0
-84.0 45.5
-84.0 46.0
-83.5 41.0
-83.5 41.5
-83.5 42.0
-83.5 42.5
-83.5 43.0
-83.5 43.5
-83.5 44.0
-83.5 44.5
-83.5 45.0
-83.5 45.5
-83.5 46.0
-83.0 41.0
-83.0 41.5
-83.0 42.0
-83.0 42.5
-83.0 43.0
-83.0 43.5
-83.0 44.0
-83.0 44.5
-83.0 45.0
-83.0 45.5
-83.0 46.0
-82.5 41.0
-82.5 41.5
-82.5 42.0
-82.5 42.5
-82.5 43.0
-82.5 43.5
-82.5 44.0
-82.5 44.5
-82.5 45.0
-82.5 45.5
-82.5 46.0
-82.0 41.0
-82.0 41.5
-82.0 42.0
-82.0 42.5
-82.0 43.0
-82.0 43.5
-82.0 44.0
-82.0 44.5
-82.0 45.0
-82.0 45.5
-82.0 46.0
