-124.0 40.0
-124.0 40.5
-124.0 41.0
-124.0 41.5
-124.0 42.0
-124.0 42.5
-124.0 43.0
-124.0 43.5
-124.0 44.0
-124.0 44.5
-124.0 45.0
-124.0 45.5
-124.0 46.0
-124.0 46.5
-124.0 47.0
-124.0 47.5
-124.0 48.0
-124.0 48.5
-124.0 49.0
-124.0 49.5
-124.0 50.0
-124.0 50.5
-124.0 51.0
-124.0 51.5
-124.0 52.0
-123.5 40.0
-123.5 40.5
-123.5 41.0
-123.5 41.5
-123.5 42.0
-123.5 42.5
-123.5 43.0
-123.5 43.5
-123.5 44.0
-123.5 44.5
-123.5 45.0
-123.5 45.5
-123.5 46.0
-123.5 46.5
-123.5 47.0
-123.5 47.5
-123.5 48.0
-123.5 48.5
-123.5 49.0
-123.5 49.5
-123.5 50.0
-123.5 50.5
-123.5 51.0
-123.5 51.5
-123.5 52.0
-123.0 40.0
-123.0 40.5
-123.0 41.0
-123.0 41.5
-123.0 42.0
-123.0 42.5
-123.0 43.0
-123.0 43.5
-123.0 44.0
-123.0 44.5
-123.0 45.0
-123.0 45.5
-123.0 46.0
-123.0 46.5
-123.0 47.0
-123.0 47.5
-123.0 48.0
-123.0 48.5
-123.0 49.0
-123.0 49.5
-123.0 50.0
-123.0 50.5
-123.0 51.0
-123.0 51.5
-123.0 52.0
-122.5 40.0
-122.5 40.5
-122.5 41.0
-122.5 41.5
-122.5 42.0
-122.5 42.5
-122.5 43.0
-122.5 43.5
-122.5 44.0
-122.5 44.5
-122.5 45.0
-122.5 45.5
-122.5 46.0
-122.5 46.5
-122.5 47.0
-122.5 47.5
-122.5 48.0
-122.5 48.5
-122.5 49.0
-122.5 49.5
-122.5 50.0
-122.5 50.5
-122.5 51.0
-122.5 51.5
-122.5 52.0
-122.0 40.0
-122.0 40.5
-122.0 41.0
-122.0 41.5
-122.0 42.0
-122.0 42.5
-122.0 43.0
-122.0 43.5
-122.0 44.0
-122.0 44.5
-122.0 45.0
-122.0 45.5
-122.0 46.0
-122.0 46.5
-122.0 47.0
-122.0 47.5
-122.0 48.0
-122.0 48.5
-122.0 49.0
-122.0 49.5
-122.0 50.0
-122.0 50.5
-122.0 51.0
-122.0 51.5
-122.0 52.0
-121.5 40.0
-121.5 40.5
-121.5 41.0
-121.5 41.5
-121.5 42.0
-121.5 42.5
-121.5 43.0
-121.5 43.5
-121.5 44.0
-121.5 44.5
-121.5 45.0
-121.5 45.5
-121.5 46.0
-121.5 46.5
-121.5 47.0
-121.5 47.5
-121.5 48.0
-121.5 48.5
-121.5 49.0
-121.5 49.5
-121.5 50.0
-121.5 50.5
-121.5 51.0
-121.5 51.5
-121.5 52.0
-121.0 40.0
-121.0 40.5
-121.0 41.0
-121.0 41.5
-121.0 42.0
-121.0 42.5
-121.0 43.0
-121.0 43.5
-121.0 44.0
-121.0 44.5
-121.0 45.0
-121.0 45.5
-121.0 46.0
-121.0 46.5
-121.0 47.0
-121.0 47.5
-121.0 48.0
-121.0 48.5
-121.0 49.0
-121.0 49.5
-121.0 50.0
-121.0 50.5
-121.0 51.0
-121.0 51.5
-121.0 52.0
-120.5 40.0
-120.5 40.5
-120.5 41.0
-120.5 41.5
-120.5 42.0
-120.5 42.5
-120.5 43.0
-120.5 43.5
-120.5 44.0
-120.5 44.5
-120.5 45.0
-120.5 45.5
-120.5 46.0
-120.5 46.5
-120.5 47.0
-120.5 47.5
-120.5 48.0
-120.5 48.5
-120.5 49.0
-120.5 49.5
-120.5 50.0
-120.5 50.5
-120.5 51.0
-120.5 51.5
-120.5 52.0
-120.0 40.0
-120.0 40.5
-120.0 41.0
-120.0 41.5
-120.0 42.0
-120.0 42.5
-120.0 43.0
-120.0 43.5
-120.0 44.0
-120.0 44.5
-120.0 45.0
-120.0 45.5
-120.0 46.0
-120.0 46.5
-120.0 47.0
-120.0 47.5
-120.0 48.0
-120.0 48.5
-120.0 49.0
-120.0 49.5
-120.0 50.0
-120.0 50.5
-120.0 51.0
-120.0 51.5
-120.0 52.0
-119.5 40.0
-119.5 40.5
-119.5 41.0
-119.5 41.5
-119.5 42.0
-119.5 42.5
-119.5 43.0
-119.5 43.5
-119.5 44.0
-119.5 44.5
-119.5 45.0
-119.5 45.5
-119.5 46.0
-119.5 46.5
-119.5 47.0
-119.5 47.5
-119.5 48.0
-119.5 48.5
-119.5 49.0
-119.5 49.5
-119.5 50.0
-119.5 50.5
-119.5 51.0
-119.5 51.5
-119.5 52.0
-119.0 40.0
-119.0 40.5
-119.0 41.0
-119.0 41.5
-119.0 42.0
-119.0 42.5
-119.0 43.0
-119.0 43.5
-119.0 44.0
-119.0 44.5
-119.0 45.0
-119.0 45.5
-119.0 46.0
-119.0 46.5
-119.0 47.0
-119.0 47.5
-119.0 48.0
-119.0 48.5
-119.0 49.0
-119.0 49.5
-119.0 50.0
-119.0 50.5
-119.0 51.0
-119.0 51.5
-119.0 52.0
