-1.229093033249999962e+02 4.870819273939999761e+01
-1.196309965779999942e+02 4.625979255330000228e+01
-1.214630770330000047e+02 4.050899429740000102e+01
-1.198720115980000003e+02 4.453252248620000131e+01
-1.224933409789999956e+02 4.885619358350000141e+01
-1.245571514460000060e+02 4.793718841590000324e+01
-1.222565188819999946e+02 4.684008541989999941e+01
-1.239807895750000029e+02 4.184548514739999803e+01
-1.187454564399999981e+02 4.775913310899999686e+01
-1.209444283229999968e+02 3.997455419109999752e+01
-1.244132972059999958e+02 4.244201627809999877e+01
-1.234294597760000016e+02 4.314010531150000105e+01
-1.242932565969999956e+02 4.207663529149999704e+01
-1.229634420029999973e+02 3.984574797260000167e+01
-1.238826067370000032e+02 4.115167046079999835e+01
-1.223546389379999937e+02 4.610957243890000257e+01
-1.216130148740000010e+02 4.158582362330000137e+01
-1.226702627330000013e+02 4.841914813340000023e+01
-1.209330918240000017e+02 4.684396000859999987e+01
-1.233241429549999992e+02 4.073291479739999943e+01
-1.222938483629999951e+02 4.138123963310000164e+01
-1.242551995870000070e+02 4.178274135209999685e+01
-1.221368904240000006e+02 4.624462217739999659e+01
-1.238124501549999934e+02 4.751334892549999722e+01
-1.233765863990000042e+02 4.620050213679999729e+01
-1.227954177390000012e+02 4.754731977250000341e+01
-1.199355102229999943e+02 4.127589650819999889e+01
-1.217324308470000034e+02 4.687072757890000219e+01
-1.240140148429999982e+02 4.296737844569999965e+01
-1.215744768170000043e+02 4.429675636080000345e+01
-1.195369050420000008e+02 3.969843104360000297e+01
-1.208059613770000027e+02 4.041858837680000249e+01
-1.233332744220000023e+02 4.362251944319999808e+01
-1.223126704809999978e+02 4.146359837370000179e+01
-1.255416410649999932e+02 4.892563758059999657e+01
-1.240540482870000005e+02 4.286006416480000070e+01
-1.238814598360000048e+02 4.066863789100000304e+01
-1.228736373370000052e+02 3.972619042009999646e+01
-1.229228755179999979e+02 4.701590558790000074e+01
-1.235730644279999950e+02 4.047886092230000088e+01
-1.231355818600000021e+02 4.032406930690000024e+01
-1.235032783690000002e+02 4.805954935079999757e+01
-1.245570865570000052e+02 4.793711114860000322e+01
-1.240864794619999998e+02 4.929481042930000001e+01
-1.210756084829999963e+02 4.774020284419999882e+01
-1.218308527800000007e+02 4.794437978860000271e+01
-1.217796975899999978e+02 4.225967072619999954e+01
-1.233834200799999934e+02 4.250352496170000194e+01
-1.203776105169999937e+02 4.246877987690000111e+01
-1.196243262280000010e+02 4.135768860630000177e+01
-1.224828179940000012e+02 4.484113102180000254e+01
-1.224304840070000040e+02 3.952808045729999975e+01
-1.210907136489999942e+02 4.311238746379999753e+01
-1.233342104219999982e+02 4.088712855789999878e+01
-1.186844143470000006e+02 3.988888249330000235e+01
-1.222173655859999997e+02 4.617813524900000033e+01
-1.197224517509999941e+02 3.990819956619999687e+01
-1.188022797040000000e+02 3.962711227749999665e+01
-1.232309988089999990e+02 4.269161029699999688e+01
-1.233665259219999939e+02 4.740929903749999852e+01
-1.231824816830000060e+02 3.996214437300000100e+01
-1.241408746689999987e+02 4.806232230170000008e+01
-1.236129603950000018e+02 4.743392018600000171e+01
-1.231887861430000015e+02 4.127243531210000071e+01
-1.216155495219999949e+02 4.826048029700000086e+01
-1.217695736510000017e+02 4.317705710290000098e+01
-1.225770437900000047e+02 4.449650509669999821e+01
-1.214282084110000000e+02 4.040914157000000273e+01
-1.218801278640000021e+02 4.257983048469999687e+01
-1.190010005740000025e+02 4.344675918400000114e+01
-1.231343478809999965e+02 4.804530279850000341e+01
-1.231574168629999946e+02 4.553799321380000009e+01
-1.216037865339999939e+02 4.049212502780000023e+01
-1.232950789939999936e+02 3.970709720199999992e+01
-1.229412099700000027e+02 4.728790379179999803e+01
-1.216727133269999968e+02 4.534456016419999713e+01
-1.230786051759999964e+02 4.611114214660000243e+01
-1.212855565880000057e+02 4.850964801500000334e+01
-1.214698991009999958e+02 4.081591760770000121e+01
-1.196826339960000070e+02 4.813152396129999744e+01
-1.241072080419999963e+02 4.042249075309999995e+01
-1.236437567939999980e+02 4.562932745789999700e+01
-1.235645453449999991e+02 3.955428893119999856e+01
-1.238228952219999996e+02 4.530951377390000090e+01
-1.224148844110000027e+02 4.099763266370000281e+01
-1.196587014339999939e+02 4.254608137529999823e+01
-1.224591572209999981e+02 4.800180975359999991e+01
-1.237683636590000020e+02 4.620737290179999945e+01
-1.236989303609999951e+02 4.057531434429999706e+01
-1.240753695920000013e+02 4.087630632810000009e+01
-1.235731300300000015e+02 4.047875401320000321e+01
-1.193056426779999981e+02 3.979556545180000171e+01
-1.240618875149999951e+02 4.458502443030000251e+01
-1.221842077769999975e+02 4.622449877089999859e+01
-1.235518505990000051e+02 3.990567062120000230e+01
-1.238532646510000035e+02 4.024554917990000291e+01
-1.231022662249999939e+02 4.494120314509999758e+01
-1.232394773449999974e+02 4.585129398520000166e+01
-1.226096353070000049e+02 4.272714242250000183e+01
-1.242130856659999978e+02 4.063736333789999833e+01
-1.228453986189999938e+02 4.645269429929999916e+01
-1.195441942289999986e+02 4.595333525230000049e+01
-1.208674641430000065e+02 3.979471029329999965e+01
-1.232979295650000040e+02 4.657473822189999879e+01
-1.242257882570000049e+02 4.220910440000000108e+01
-1.234520462670000001e+02 4.008221492530000063e+01
-1.236322630220000036e+02 4.227535618910000181e+01
-1.201049751369999967e+02 3.960213034849999758e+01
-1.242045821530000040e+02 4.721279958440000257e+01
-1.220084271390000055e+02 4.915660813350000069e+01
-1.202250435979999992e+02 4.059167889350000280e+01
-1.238575267540000056e+02 4.502227964080000078e+01
-1.197998532780000005e+02 3.957280391790000351e+01
-1.218280031500000007e+02 4.090554622599999846e+01
-1.223105936529999980e+02 4.617295889529999897e+01
-1.225891010539999968e+02 4.522110617940000310e+01
-1.243080736590000015e+02 4.024754709159999777e+01
-1.182575046970000017e+02 4.040320121349999738e+01
-1.242827819980000044e+02 4.050478736069999997e+01
-1.187455238910000048e+02 4.775921046589999719e+01
-1.240572898490000000e+02 4.021957196120000333e+01
-1.239781234940000019e+02 4.548651539909999997e+01
-1.228688048420000030e+02 4.029618930619999873e+01
-1.229230287940000039e+02 4.074755336810000017e+01
-1.246249071539999989e+02 4.829785494819999769e+01
-1.200772635969999982e+02 4.028890196129999879e+01
-1.180137727959999978e+02 4.523178626020000337e+01
-1.233903277370000069e+02 4.515853419289999948e+01
-1.190101648490000059e+02 4.024217867250000324e+01
-1.219884527079999970e+02 4.657208181699999727e+01
-1.215969280080000061e+02 4.703994248840000125e+01
-1.236557373990000031e+02 4.025683823149999796e+01
-1.206033609579999961e+02 4.381199266819999849e+01
-1.189678170509999973e+02 4.440282794160000179e+01
-1.239161443360000021e+02 4.692578515529999805e+01
-1.251351046879999984e+02 4.883532926760000237e+01
-1.196249826439999993e+02 4.932261888019999674e+01
-1.228870579120000031e+02 4.405211903410000218e+01
-1.205385014369999936e+02 4.700033562950000032e+01
-1.185657698640000035e+02 4.700220880509999688e+01
-1.231522565660000055e+02 4.519037269190000217e+01
-1.241508668999999969e+02 4.105388614320000329e+01
-1.234269865189999962e+02 4.468925498330000323e+01
-1.208282501070000023e+02 4.135919759090000269e+01
-1.237168966859999983e+02 3.986358334540000214e+01
-1.235906399480000033e+02 4.438192618170000259e+01
-1.228747121229999948e+02 4.782318422200000185e+01
-1.229637565150000000e+02 3.984568040639999964e+01
-1.221961912710000036e+02 4.614525843820000262e+01
-1.234877046959999944e+02 4.796984665429999950e+01
-1.228960694529999955e+02 4.611817731619999705e+01
-1.281349979780000012e+02 5.064035334879999795e+01
-1.239061171350000023e+02 4.002444295090000281e+01
-1.226069003319999950e+02 4.065065660709999662e+01
-1.223094761480000017e+02 4.765397706670000133e+01
-1.221909120189999953e+02 4.147917730719999696e+01
-1.207246096479999977e+02 4.695092482719999794e+01
-1.224204560470000018e+02 4.183081618780000355e+01
-1.233046045870000000e+02 4.458553537409999734e+01
-1.238801772089999957e+02 4.054370470879999999e+01
-1.212216010100000005e+02 4.241834150340000065e+01
-1.194872821520000059e+02 4.740354906799999668e+01
-1.242370365050000061e+02 4.069109505379999803e+01
-1.240615707750000070e+02 4.458524675019999961e+01
-1.237298654979999952e+02 4.665599110699999841e+01
-1.245570189169999935e+02 4.793718814510000215e+01
-1.214899858699999982e+02 4.161632277910000255e+01
-1.223606198110000065e+02 4.618955373170000200e+01
-1.245633458610000019e+02 4.283609884460000217e+01
-1.228927875060000048e+02 4.611566263779999986e+01
-1.216867475650000046e+02 4.399067297780000274e+01
-1.221396416529999982e+02 4.891597910950000028e+01
-1.220080804410000042e+02 4.749955944309999722e+01
-1.233600501749999978e+02 4.180708306919999728e+01
-1.193554570280000036e+02 4.041652669599999825e+01
-1.241332709550000004e+02 4.055125230430000016e+01
-1.242534822199999951e+02 4.339551880079999790e+01
-1.217324219209999967e+02 4.687071928550000166e+01
-1.215771965130000041e+02 4.053990570890000100e+01
-1.219458337810000046e+02 4.443484866840000080e+01
-1.189284894190000017e+02 4.303400807540000272e+01
-1.230578992180000029e+02 4.336327395509999860e+01
-1.222172201730000012e+02 4.434218490500000343e+01
-1.224292289349999976e+02 4.653185633550000233e+01
-1.236983751730000023e+02 3.952917913320000309e+01
-1.208146763430000021e+02 4.583881875219999813e+01
-1.238913699879999939e+02 4.339249974509999674e+01
-1.190413613980000065e+02 4.679278685340000266e+01
-1.226928372999999937e+02 4.583486887480000149e+01
-1.223406309749999963e+02 4.543017899299999840e+01
-1.239676525720000058e+02 4.079114511619999917e+01
-1.229308812830000051e+02 4.453498281009999715e+01
-1.184124733000000020e+02 4.225462955100000073e+01
-1.222238479469999959e+02 4.852155789569999911e+01
-1.237041292889999937e+02 4.892316408800000005e+01
-1.187453825439999946e+02 4.775920703189999728e+01
-1.238628282229999940e+02 4.043518367960000148e+01
-1.225145851479999948e+02 4.780272506120000031e+01
-1.209484618390000037e+02 4.118334365439999800e+01
-1.226563713879999966e+02 4.219098739369999862e+01
-1.220926635680000061e+02 4.145373392369999976e+01
-1.243058967500000023e+02 4.776622167779999728e+01
-1.231745041500000042e+02 4.054665081849999808e+01
-1.237057378330000006e+02 4.781658717210000020e+01
-1.196901244759999940e+02 4.545282154590000090e+01
-1.209461530180000040e+02 4.492272254600000281e+01
-1.234874707769999986e+02 4.838978113449999796e+01
-1.228663316150000071e+02 4.658860235489999724e+01
-1.220279718980000041e+02 3.992912351070000199e+01
-1.232442416429999952e+02 4.311879109579999891e+01
-1.211478812870000041e+02 4.425976737239999892e+01
-1.221529227099999986e+02 4.153194010389999846e+01
-1.229211901350000034e+02 5.012653924819999673e+01
-1.222269645290000000e+02 4.623148402000000345e+01
-1.206722460529999950e+02 4.559012331779999982e+01
-1.189925782239999990e+02 4.795381615179999812e+01
-1.237991601199999963e+02 4.642161959330000087e+01
-1.210675476330000038e+02 4.873021949310000167e+01
-1.234362219949999968e+02 4.700384450199999975e+01
-1.233949474559999970e+02 3.989722081210000226e+01
-1.223193512619999979e+02 4.073108584669999743e+01
-1.226682498360000011e+02 4.003411106539999764e+01
-1.223456477830000040e+02 4.630016161359999671e+01
-1.202844137029999985e+02 3.993738683099999776e+01
-1.230076105100000063e+02 4.854619489649999764e+01
-1.221641605439999978e+02 4.603012186579999820e+01
-1.239310055280000000e+02 4.595464976169999716e+01
-1.194767670380000055e+02 4.077979580259999892e+01
-1.239795934210000041e+02 4.361431119430000081e+01
-1.225708058630000039e+02 4.717205696980000340e+01
-1.188738606499999975e+02 3.983880648209999720e+01
-1.221333518360000028e+02 4.619462502620000066e+01
-1.190156846360000031e+02 4.186836741740000178e+01
-1.204727619429999947e+02 4.133251532410000095e+01
-1.240861440059999978e+02 4.155913343409999783e+01
-1.234078131429999985e+02 4.723664544030000201e+01
-1.235818485650000014e+02 3.968566428540000146e+01
-1.221606115670000037e+02 4.617346591879999806e+01
-1.187302528689999974e+02 4.867469281019999983e+01
-1.200052002369999968e+02 4.591057878920000235e+01
-1.236855711710000065e+02 4.209897226540000048e+01
-1.216832297899999986e+02 4.662285600119999884e+01
-1.244092897520000065e+02 4.309032837120000181e+01
-1.199518031239999942e+02 4.300177698849999786e+01
-1.222708065959999999e+02 4.027123480280000223e+01
-1.229757540229999933e+02 3.962138150759999888e+01
-1.238632811020000020e+02 4.088023294130000096e+01
-1.236933403360000057e+02 4.011925665350000259e+01
-1.218773598719999995e+02 4.567612808089999987e+01
-1.229275400389999930e+02 4.801605778769999944e+01
-1.215069379189999950e+02 4.171157051149999972e+01
-1.201495836830000030e+02 4.842651208539999885e+01
