station        component      count          a[mm]          b[yr]          c[mm*yr^-0.5]  d[yr^-1]       likelihood     
ALBH           east           726            7.1422e-01     5.0000e-02     5.0000e-01     1.0000e-01     9.6143e+02     
BLYN           east           562            4.0108e+00     5.0000e-02     5.0000e-01     1.0000e-01     2.2186e+03     
KTBW           east           732            3.6299e-01     5.0000e-02     5.0000e-01     1.0000e-01     1.0079e+03     
NEAH           east           732            8.1013e-01     5.0000e-02     5.0000e-01     1.0000e-01     1.1826e+03     
P064           east           725            9.3123e-01     5.0000e-02     5.0000e-01     1.0000e-01     1.1638e+03     
P399           east           437            5.9724e-01     5.0000e-02     5.0000e-01     1.0000e-01     5.6102e+02     
P400           east           732            3.8472e-01     5.0000e-02     5.0000e-01     1.0000e-01     1.5740e+03     
P401           east           732            1.9999e-01     5.0000e-02     5.0000e-01     1.0000e-01     8.9207e+02     
P402           east           732            1.3526e-01     5.0000e-02     5.0000e-01     1.0000e-01     9.6966e+02     
P403           east           682            5.4819e-01     5.0000e-02     5.0000e-01     1.0000e-01     1.0545e+03     
P418           east           732            4.9174e-01     5.0000e-02     5.0000e-01     1.0000e-01     1.0089e+03     
P419           east           553            3.3483e-01     5.0000e-02     5.0000e-01     1.0000e-01     7.1691e+02     
P423           east           732            3.6779e-01     5.0000e-02     5.0000e-01     1.0000e-01     1.0345e+03     
P424           east           732            6.1508e-01     5.0000e-02     5.0000e-01     1.0000e-01     1.1011e+03     
P426           east           116            8.9391e-08     5.0000e-02     5.0000e-01     1.0000e-01     1.6245e+02     
P435           east           708            6.0050e-01     5.0000e-02     5.0000e-01     1.0000e-01     1.1785e+03     
P436           east           732            4.6609e-01     5.0000e-02     5.0000e-01     1.0000e-01     1.0022e+03     
P437           east           732            5.0646e-01     5.0000e-02     5.0000e-01     1.0000e-01     1.0348e+03     
P438           east           349            2.2654e-01     5.0000e-02     5.0000e-01     1.0000e-01     4.4363e+02     
P439           east           732            6.3739e-01     5.0000e-02     5.0000e-01     1.0000e-01     1.0042e+03     
P815           east           732            1.9938e-01     5.0000e-02     5.0000e-01     1.0000e-01     9.0144e+02     
P816           east           732            1.6514e-01     5.0000e-02     5.0000e-01     1.0000e-01     9.4709e+02     
PABH           east           732            1.4569e-01     5.0000e-02     5.0000e-01     1.0000e-01     9.3481e+02     
PCOL           east           732            6.3863e-01     5.0000e-02     5.0000e-01     1.0000e-01     1.1562e+03     
SC02           east           731            7.2629e-01     5.0000e-02     5.0000e-01     1.0000e-01     9.8113e+02     
SC03           east           732            7.5009e-01     5.0000e-02     5.0000e-01     1.0000e-01     1.1349e+03     
SEAT           east           732            4.4815e-01     5.0000e-02     5.0000e-01     1.0000e-01     9.6065e+02     
SEDR           east           732            2.7637e-01     5.0000e-02     5.0000e-01     1.0000e-01     1.0639e+03     
TWHL           east           624            5.2614e-01     5.0000e-02     5.0000e-01     1.0000e-01     9.3517e+02     
ALBH           north          726            2.9680e-01     5.0000e-02     5.0000e-01     1.0000e-01     1.0915e+03     
BLYN           north          562            3.9981e+00     5.0000e-02     5.0000e-01     1.0000e-01     1.9961e+03     
KTBW           north          732            2.1232e-11     5.0000e-02     5.0000e-01     1.0000e-01     1.1984e+03     
NEAH           north          732            1.1208e+00     5.0000e-02     5.0000e-01     1.0000e-01     1.4501e+03     
P064           north          725            9.6494e-01     5.0000e-02     5.0000e-01     1.0000e-01     1.2741e+03     
P399           north          437            3.7529e-01     5.0000e-02     5.0000e-01     1.0000e-01     6.4268e+02     
P400           north          732            5.4577e-01     5.0000e-02     5.0000e-01     1.0000e-01     1.5364e+03     
P401           north          732            1.4496e-01     5.0000e-02     5.0000e-01     1.0000e-01     1.0609e+03     
P402           north          732            2.6132e-01     5.0000e-02     5.0000e-01     1.0000e-01     1.1587e+03     
P403           north          682            6.6748e-01     5.0000e-02     5.0000e-01     1.0000e-01     1.2912e+03     
P418           north          732            3.1091e-01     5.0000e-02     5.0000e-01     1.0000e-01     1.1714e+03     
P419           north          553            5.0067e-01     5.0000e-02     5.0000e-01     1.0000e-01     7.8667e+02     
P423           north          732            4.0187e-01     5.0000e-02     5.0000e-01     1.0000e-01     1.1931e+03     
P424           north          732            7.3689e-01     5.0000e-02     5.0000e-01     1.0000e-01     1.3196e+03     
P426           north          116            2.1232e-11     5.0000e-02     5.0000e-01     1.0000e-01     1.9571e+02     
P435           north          708            8.2991e-01     5.0000e-02     5.0000e-01     1.0000e-01     1.5161e+03     
P436           north          732            3.0824e-01     5.0000e-02     5.0000e-01     1.0000e-01     1.1836e+03     
P437           north          732            2.5890e-01     5.0000e-02     5.0000e-01     1.0000e-01     1.2038e+03     
P438           north          349            2.1232e-11     5.0000e-02     5.0000e-01     1.0000e-01     5.0886e+02     
P439           north          732            3.4008e-01     5.0000e-02     5.0000e-01     1.0000e-01     1.1824e+03     
P815           north          732            2.3882e-01     5.0000e-02     5.0000e-01     1.0000e-01     1.0814e+03     
P816           north          732            1.2895e-01     5.0000e-02     5.0000e-01     1.0000e-01     1.1267e+03     
PABH           north          732            1.5559e-01     5.0000e-02     5.0000e-01     1.0000e-01     1.1098e+03     
PCOL           north          732            3.9337e-01     5.0000e-02     5.0000e-01     1.0000e-01     1.3335e+03     
SC02           north          731            4.7906e-01     5.0000e-02     5.0000e-01     1.0000e-01     1.1513e+03     
SC03           north          732            9.0061e-01     5.0000e-02     5.0000e-01     1.0000e-01     1.4171e+03     
SEAT           north          732            5.6872e-01     5.0000e-02     5.0000e-01     1.0000e-01     1.1456e+03     
SEDR           north          732            2.2671e-01     5.0000e-02     5.0000e-01     1.0000e-01     1.2576e+03     
TWHL           north          624            4.1538e-01     5.0000e-02     5.0000e-01     1.0000e-01     1.0962e+03     
ALBH           vertical       726            3.6310e+00     5.0000e-02     5.0000e-01     1.0000e-01     2.1395e+03     
BLYN           vertical       562            3.6793e+01     5.0000e-02     5.0000e-01     1.0000e-01     2.9950e+03     
KTBW           vertical       732            1.6086e+00     5.0000e-02     5.0000e-01     1.0000e-01     2.1279e+03     
NEAH           vertical       732            5.0638e+00     5.0000e-02     5.0000e-01     1.0000e-01     2.4102e+03     
P064           vertical       725            1.5176e+00     5.0000e-02     5.0000e-01     1.0000e-01     2.1308e+03     
P399           vertical       437            2.1328e+00     5.0000e-02     5.0000e-01     1.0000e-01     1.2295e+03     
P400           vertical       732            3.3686e+00     5.0000e-02     5.0000e-01     1.0000e-01     2.6026e+03     
P401           vertical       732            1.4969e+00     5.0000e-02     5.0000e-01     1.0000e-01     2.0197e+03     
P402           vertical       732            1.4700e+00     5.0000e-02     5.0000e-01     1.0000e-01     2.0903e+03     
P403           vertical       682            1.8165e+00     5.0000e-02     5.0000e-01     1.0000e-01     2.0807e+03     
P418           vertical       732            1.4563e+00     5.0000e-02     5.0000e-01     1.0000e-01     2.1153e+03     
P419           vertical       553            1.9615e+00     5.0000e-02     5.0000e-01     1.0000e-01     1.5107e+03     
P423           vertical       732            1.7869e+00     5.0000e-02     5.0000e-01     1.0000e-01     2.1862e+03     
P424           vertical       732            2.3756e+00     5.0000e-02     5.0000e-01     1.0000e-01     2.1482e+03     
P426           vertical       116            1.9238e+00     5.0000e-02     5.0000e-01     1.0000e-01     3.4170e+02     
P435           vertical       708            9.5064e-01     5.0000e-02     5.0000e-01     1.0000e-01     2.2628e+03     
P436           vertical       732            1.6290e+00     5.0000e-02     5.0000e-01     1.0000e-01     2.1483e+03     
P437           vertical       732            2.2825e+00     5.0000e-02     5.0000e-01     1.0000e-01     2.2090e+03     
P438           vertical       349            1.8722e+00     5.0000e-02     5.0000e-01     1.0000e-01     9.7171e+02     
P439           vertical       732            1.4347e+00     5.0000e-02     5.0000e-01     1.0000e-01     2.1082e+03     
P815           vertical       732            1.5604e+00     5.0000e-02     5.0000e-01     1.0000e-01     2.0313e+03     
P816           vertical       732            1.4281e+00     5.0000e-02     5.0000e-01     1.0000e-01     2.0606e+03     
PABH           vertical       732            1.4013e+00     5.0000e-02     5.0000e-01     1.0000e-01     2.0461e+03     
PCOL           vertical       732            2.7135e+00     5.0000e-02     5.0000e-01     1.0000e-01     2.3201e+03     
SC02           vertical       731            1.8128e+00     5.0000e-02     5.0000e-01     1.0000e-01     2.1020e+03     
SC03           vertical       732            2.7532e+00     5.0000e-02     5.0000e-01     1.0000e-01     2.1043e+03     
SEAT           vertical       732            2.2155e+00     5.0000e-02     5.0000e-01     1.0000e-01     2.1177e+03     
SEDR           vertical       732            2.1259e+00     5.0000e-02     5.0000e-01     1.0000e-01     2.2285e+03     
TWHL           vertical       624            1.8705e+00     5.0000e-02     5.0000e-01     1.0000e-01     1.8834e+03     
