-87.00 41.00
-87.00 41.15
-87.00 41.30
-87.00 41.45
-87.00 41.60
-87.00 41.75
-87.00 41.90
-87.00 42.05
-87.00 42.20
-87.00 42.35
-87.00 42.50
-87.00 42.65
-87.00 42.80
-87.00 42.95
-87.00 43.10
-87.00 43.25
-87.00 43.40
-87.00 43.55
-87.00 43.70
-87.00 43.85
-87.00 44.00
-87.00 44.15
-87.00 44.30
-87.00 44.45
-87.00 44.60
-87.00 44.75
-87.00 44.90
-87.00 45.05
-87.00 45.20
-87.00 45.35
-87.00 45.50
-87.00 45.65
-87.00 45.80
-87.00 45.95
-87.00 46.10
-87.00 46.25
-87.00 46.40
-87.00 46.55
-87.00 46.70
-87.00 46.85
-87.00 47.00
-86.85 41.00
-86.85 41.15
-86.85 41.30
-86.85 41.45
-86.85 41.60
-86.85 41.75
-86.85 41.90
-86.85 42.05
-86.85 42.20
-86.85 42.35
-86.85 42.50
-86.85 42.65
-86.85 42.80
-86.85 42.95
-86.85 43.10
-86.85 43.25
-86.85 43.40
-86.85 43.55
-86.85 43.70
-86.85 43.85
-86.85 44.00
-86.85 44.15
-86.85 44.30
-86.85 44.45
-86.85 44.60
-86.85 44.75
-86.85 44.90
-86.85 45.05
-86.85 45.20
-86.85 45.35
-86.85 45.50
-86.85 45.65
-86.85 45.80
-86.85 45.95
-86.85 46.10
-86.85 46.25
-86.85 46.40
-86.85 46.55
-86.85 46.70
-86.85 46.85
-86.85 47.00
-86.70 41.00
-86.70 41.15
-86.70 41.30
-86.70 41.45
-86.70 41.60
-86.70 41.75
-86.70 41.90
-86.70 42.05
-86.70 42.20
-86.70 42.35
-86.70 42.50
-86.70 42.65
-86.70 42.80
-86.70 42.95
-86.70 43.10
-86.70 43.25
-86.70 43.40
-86.70 43.55
-86.70 43.70
-86.70 43.85
-86.70 44.00
-86.70 44.15
-86.70 44.30
-86.70 44.45
-86.70 44.60
-86.70 44.75
-86.70 44.90
-86.70 45.05
-86.70 45.20
-86.70 45.35
-86.70 45.50
-86.70 45.65
-86.70 45.80
-86.70 45.95
-86.70 46.10
-86.70 46.25
-86.70 46.40
-86.70 46.55
-86.70 46.70
-86.70 46.85
-86.70 47.00
-86.55 41.00
-86.55 41.15
-86.55 41.30
-86.55 41.45
-86.55 41.60
-86.55 41.75
-86.55 41.90
-86.55 42.05
-86.55 42.20
-86.55 42.35
-86.55 42.50
-86.55 42.65
-86.55 42.80
-86.55 42.95
-86.55 43.10
-86.55 43.25
-86.55 43.40
-86.55 43.55
-86.55 43.70
-86.55 43.85
-86.55 44.00
-86.55 44.15
-86.55 44.30
-86.55 44.45
-86.55 44.60
-86.55 44.75
-86.55 44.90
-86.55 45.05
-86.55 45.20
-86.55 45.35
-86.55 45.50
-86.55 45.65
-86.55 45.80
-86.55 45.95
-86.55 46.10
-86.55 46.25
-86.55 46.40
-86.55 46.55
-86.55 46.70
-86.55 46.85
-86.55 47.00
-86.40 41.00
-86.40 41.15
-86.40 41.30
-86.40 41.45
-86.40 41.60
-86.40 41.75
-86.40 41.90
-86.40 42.05
-86.40 42.20
-86.40 42.35
-86.40 42.50
-86.40 42.65
-86.40 42.80
-86.40 42.95
-86.40 43.10
-86.40 43.25
-86.40 43.40
-86.40 43.55
-86.40 43.70
-86.40 43.85
-86.40 44.00
-86.40 44.15
-86.40 44.30
-86.40 44.45
-86.40 44.60
-86.40 44.75
-86.40 44.90
-86.40 45.05
-86.40 45.20
-86.40 45.35
-86.40 45.50
-86.40 45.65
-86.40 45.80
-86.40 45.95
-86.40 46.10
-86.40 46.25
-86.40 46.40
-86.40 46.55
-86.40 46.70
-86.40 46.85
-86.40 47.00
-86.25 41.00
-86.25 41.15
-86.25 41.30
-86.25 41.45
-86.25 41.60
-86.25 41.75
-86.25 41.90
-86.25 42.05
-86.25 42.20
-86.25 42.35
-86.25 42.50
-86.25 42.65
-86.25 42.80
-86.25 42.95
-86.25 43.10
-86.25 43.25
-86.25 43.40
-86.25 43.55
-86.25 43.70
-86.25 43.85
-86.25 44.00
-86.25 44.15
-86.25 44.30
-86.25 44.45
-86.25 44.60
-86.25 44.75
-86.25 44.90
-86.25 45.05
-86.25 45.20
-86.25 45.35
-86.25 45.50
-86.25 45.65
-86.25 45.80
-86.25 45.95
-86.25 46.10
-86.25 46.25
-86.25 46.40
-86.25 46.55
-86.25 46.70
-86.25 46.85
-86.25 47.00
-86.10 41.00
-86.10 41.15
-86.10 41.30
-86.10 41.45
-86.10 41.60
-86.10 41.75
-86.10 41.90
-86.10 42.05
-86.10 42.20
-86.10 42.35
-86.10 42.50
-86.10 42.65
-86.10 42.80
-86.10 42.95
-86.10 43.10
-86.10 43.25
-86.10 43.40
-86.10 43.55
-86.10 43.70
-86.10 43.85
-86.10 44.00
-86.10 44.15
-86.10 44.30
-86.10 44.45
-86.10 44.60
-86.10 44.75
-86.10 44.90
-86.10 45.05
-86.10 45.20
-86.10 45.35
-86.10 45.50
-86.10 45.65
-86.10 45.80
-86.10 45.95
-86.10 46.10
-86.10 46.25
-86.10 46.40
-86.10 46.55
-86.10 46.70
-86.10 46.85
-86.10 47.00
-85.95 41.00
-85.95 41.15
-85.95 41.30
-85.95 41.45
-85.95 41.60
-85.95 41.75
-85.95 41.90
-85.95 42.05
-85.95 42.20
-85.95 42.35
-85.95 42.50
-85.95 42.65
-85.95 42.80
-85.95 42.95
-85.95 43.10
-85.95 43.25
-85.95 43.40
-85.95 43.55
-85.95 43.70
-85.95 43.85
-85.95 44.00
-85.95 44.15
-85.95 44.30
-85.95 44.45
-85.95 44.60
-85.95 44.75
-85.95 44.90
-85.95 45.05
-85.95 45.20
-85.95 45.35
-85.95 45.50
-85.95 45.65
-85.95 45.80
-85.95 45.95
-85.95 46.10
-85.95 46.25
-85.95 46.40
-85.95 46.55
-85.95 46.70
-85.95 46.85
-85.95 47.00
-85.80 41.00
-85.80 41.15
-85.80 41.30
-85.80 41.45
-85.80 41.60
-85.80 41.75
-85.80 41.90
-85.80 42.05
-85.80 42.20
-85.80 42.35
-85.80 42.50
-85.80 42.65
-85.80 42.80
-85.80 42.95
-85.80 43.10
-85.80 43.25
-85.80 43.40
-85.80 43.55
-85.80 43.70
-85.80 43.85
-85.80 44.00
-85.80 44.15
-85.80 44.30
-85.80 44.45
-85.80 44.60
-85.80 44.75
-85.80 44.90
-85.80 45.05
-85.80 45.20
-85.80 45.35
-85.80 45.50
-85.80 45.65
-85.80 45.80
-85.80 45.95
-85.80 46.10
-85.80 46.25
-85.80 46.40
-85.80 46.55
-85.80 46.70
-85.80 46.85
-85.80 47.00
-85.65 41.00
-85.65 41.15
-85.65 41.30
-85.65 41.45
-85.65 41.60
-85.65 41.75
-85.65 41.90
-85.65 42.05
-85.65 42.20
-85.65 42.35
-85.65 42.50
-85.65 42.65
-85.65 42.80
-85.65 42.95
-85.65 43.10
-85.65 43.25
-85.65 43.40
-85.65 43.55
-85.65 43.70
-85.65 43.85
-85.65 44.00
-85.65 44.15
-85.65 44.30
-85.65 44.45
-85.65 44.60
-85.65 44.75
-85.65 44.90
-85.65 45.05
-85.65 45.20
-85.65 45.35
-85.65 45.50
-85.65 45.65
-85.65 45.80
-85.65 45.95
-85.65 46.10
-85.65 46.25
-85.65 46.40
-85.65 46.55
-85.65 46.70
-85.65 46.85
-85.65 47.00
-85.50 41.00
-85.50 41.15
-85.50 41.30
-85.50 41.45
-85.50 41.60
-85.50 41.75
-85.50 41.90
-85.50 42.05
-85.50 42.20
-85.50 42.35
-85.50 42.50
-85.50 42.65
-85.50 42.80
-85.50 42.95
-85.50 43.10
-85.50 43.25
-85.50 43.40
-85.50 43.55
-85.50 43.70
-85.50 43.85
-85.50 44.00
-85.50 44.15
-85.50 44.30
-85.50 44.45
-85.50 44.60
-85.50 44.75
-85.50 44.90
-85.50 45.05
-85.50 45.20
-85.50 45.35
-85.50 45.50
-85.50 45.65
-85.50 45.80
-85.50 45.95
-85.50 46.10
-85.50 46.25
-85.50 46.40
-85.50 46.55
-85.50 46.70
-85.50 46.85
-85.50 47.00
-85.35 41.00
-85.35 41.15
-85.35 41.30
-85.35 41.45
-85.35 41.60
-85.35 41.75
-85.35 41.90
-85.35 42.05
-85.35 42.20
-85.35 42.35
-85.35 42.50
-85.35 42.65
-85.35 42.80
-85.35 42.95
-85.35 43.10
-85.35 43.25
-85.35 43.40
-85.35 43.55
-85.35 43.70
-85.35 43.85
-85.35 44.00
-85.35 44.15
-85.35 44.30
-85.35 44.45
-85.35 44.60
-85.35 44.75
-85.35 44.90
-85.35 45.05
-85.35 45.20
-85.35 45.35
-85.35 45.50
-85.35 45.65
-85.35 45.80
-85.35 45.95
-85.35 46.10
-85.35 46.25
-85.35 46.40
-85.35 46.55
-85.35 46.70
-85.35 46.85
-85.35 47.00
-85.20 41.00
-85.20 41.15
-85.20 41.30
-85.20 41.45
-85.20 41.60
-85.20 41.75
-85.20 41.90
-85.20 42.05
-85.20 42.20
-85.20 42.35
-85.20 42.50
-85.20 42.65
-85.20 42.80
-85.20 42.95
-85.20 43.10
-85.20 43.25
-85.20 43.40
-85.20 43.55
-85.20 43.70
-85.20 43.85
-85.20 44.00
-85.20 44.15
-85.20 44.30
-85.20 44.45
-85.20 44.60
-85.20 44.75
-85.20 44.90
-85.20 45.05
-85.20 45.20
-85.20 45.35
-85.20 45.50
-85.20 45.65
-85.20 45.80
-85.20 45.95
-85.20 46.10
-85.20 46.25
-85.20 46.40
-85.20 46.55
-85.20 46.70
-85.20 46.85
-85.20 47.00
-85.05 41.00
-85.05 41.15
-85.05 41.30
-85.05 41.45
-85.05 41.60
-85.05 41.75
-85.05 41.90
-85.05 42.05
-85.05 42.20
-85.05 42.35
-85.05 42.50
-85.05 42.65
-85.05 42.80
-85.05 42.95
-85.05 43.10
-85.05 43.25
-85.05 43.40
-85.05 43.55
-85.05 43.70
-85.05 43.85
-85.05 44.00
-85.05 44.15
-85.05 44.30
-85.05 44.45
-85.05 44.60
-85.05 44.75
-85.05 44.90
-85.05 45.05
-85.05 45.20
-85.05 45.35
-85.05 45.50
-85.05 45.65
-85.05 45.80
-85.05 45.95
-85.05 46.10
-85.05 46.25
-85.05 46.40
-85.05 46.55
-85.05 46.70
-85.05 46.85
-85.05 47.00
-84.90 41.00
-84.90 41.15
-84.90 41.30
-84.90 41.45
-84.90 41.60
-84.90 41.75
-84.90 41.90
-84.90 42.05
-84.90 42.20
-84.90 42.35
-84.90 42.50
-84.90 42.65
-84.90 42.80
-84.90 42.95
-84.90 43.10
-84.90 43.25
-84.90 43.40
-84.90 43.55
-84.90 43.70
-84.90 43.85
-84.90 44.00
-84.90 44.15
-84.90 44.30
-84.90 44.45
-84.90 44.60
-84.90 44.75
-84.90 44.90
-84.90 45.05
-84.90 45.20
-84.90 45.35
-84.90 45.50
-84.90 45.65
-84.90 45.80
-84.90 45.95
-84.90 46.10
-84.90 46.25
-84.90 46.40
-84.90 46.55
-84.90 46.70
-84.90 46.85
-84.90 47.00
-84.75 41.00
-84.75 41.15
-84.75 41.30
-84.75 41.45
-84.75 41.60
-84.75 41.75
-84.75 41.90
-84.75 42.05
-84.75 42.20
-84.75 42.35
-84.75 42.50
-84.75 42.65
-84.75 42.80
-84.75 42.95
-84.75 43.10
-84.75 43.25
-84.75 43.40
-84.75 43.55
-84.75 43.70
-84.75 43.85
-84.75 44.00
-84.75 44.15
-84.75 44.30
-84.75 44.45
-84.75 44.60
-84.75 44.75
-84.75 44.90
-84.75 45.05
-84.75 45.20
-84.75 45.35
-84.75 45.50
-84.75 45.65
-84.75 45.80
-84.75 45.95
-84.75 46.10
-84.75 46.25
-84.75 46.40
-84.75 46.55
-84.75 46.70
-84.75 46.85
-84.75 47.00
-84.60 41.00
-84.60 41.15
-84.60 41.30
-84.60 41.45
-84.60 41.60
-84.60 41.75
-84.60 41.90
-84.60 42.05
-84.60 42.20
-84.60 42.35
-84.60 42.50
-84.60 42.65
-84.60 42.80
-84.60 42.95
-84.60 43.10
-84.60 43.25
-84.60 43.40
-84.60 43.55
-84.60 43.70
-84.60 43.85
-84.60 44.00
-84.60 44.15
-84.60 44.30
-84.60 44.45
-84.60 44.60
-84.60 44.75
-84.60 44.90
-84.60 45.05
-84.60 45.20
-84.60 45.35
-84.60 45.50
-84.60 45.65
-84.60 45.80
-84.60 45.95
-84.60 46.10
-84.60 46.25
-84.60 46.40
-84.60 46.55
-84.60 46.70
-84.60 46.85
-84.60 47.00
-84.45 41.00
-84.45 41.15
-84.45 41.30
-84.45 41.45
-84.45 41.60
-84.45 41.75
-84.45 41.90
-84.45 42.05
-84.45 42.20
-84.45 42.35
-84.45 42.50
-84.45 42.65
-84.45 42.80
-84.45 42.95
-84.45 43.10
-84.45 43.25
-84.45 43.40
-84.45 43.55
-84.45 43.70
-84.45 43.85
-84.45 44.00
-84.45 44.15
-84.45 44.30
-84.45 44.45
-84.45 44.60
-84.45 44.75
-84.45 44.90
-84.45 45.05
-84.45 45.20
-84.45 45.35
-84.45 45.50
-84.45 45.65
-84.45 45.80
-84.45 45.95
-84.45 46.10
-84.45 46.25
-84.45 46.40
-84.45 46.55
-84.45 46.70
-84.45 46.85
-84.45 47.00
-84.30 41.00
-84.30 41.15
-84.30 41.30
-84.30 41.45
-84.30 41.60
-84.30 41.75
-84.30 41.90
-84.30 42.05
-84.30 42.20
-84.30 42.35
-84.30 42.50
-84.30 42.65
-84.30 42.80
-84.30 42.95
-84.30 43.10
-84.30 43.25
-84.30 43.40
-84.30 43.55
-84.30 43.70
-84.30 43.85
-84.30 44.00
-84.30 44.15
-84.30 44.30
-84.30 44.45
-84.30 44.60
-84.30 44.75
-84.30 44.90
-84.30 45.05
-84.30 45.20
-84.30 45.35
-84.30 45.50
-84.30 45.65
-84.30 45.80
-84.30 45.95
-84.30 46.10
-84.30 46.25
-84.30 46.40
-84.30 46.55
-84.30 46.70
-84.30 46.85
-84.30 47.00
-84.15 41.00
-84.15 41.15
-84.15 41.30
-84.15 41.45
-84.15 41.60
-84.15 41.75
-84.15 41.90
-84.15 42.05
-84.15 42.20
-84.15 42.35
-84.15 42.50
-84.15 42.65
-84.15 42.80
-84.15 42.95
-84.15 43.10
-84.15 43.25
-84.15 43.40
-84.15 43.55
-84.15 43.70
-84.15 43.85
-84.15 44.00
-84.15 44.15
-84.15 44.30
-84.15 44.45
-84.15 44.60
-84.15 44.75
-84.15 44.90
-84.15 45.05
-84.15 45.20
-84.15 45.35
-84.15 45.50
-84.15 45.65
-84.15 45.80
-84.15 45.95
-84.15 46.10
-84.15 46.25
-84.15 46.40
-84.15 46.55
-84.15 46.70
-84.15 46.85
-84.15 47.00
-84.00 41.00
-84.00 41.15
-84.00 41.30
-84.00 41.45
-84.00 41.60
-84.00 41.75
-84.00 41.90
-84.00 42.05
-84.00 42.20
-84.00 42.35
-84.00 42.50
-84.00 42.65
-84.00 42.80
-84.00 42.95
-84.00 43.10
-84.00 43.25
-84.00 43.40
-84.00 43.55
-84.00 43.70
-84.00 43.85
-84.00 44.00
-84.00 44.15
-84.00 44.30
-84.00 44.45
-84.00 44.60
-84.00 44.75
-84.00 44.90
-84.00 45.05
-84.00 45.20
-84.00 45.35
-84.00 45.50
-84.00 45.65
-84.00 45.80
-84.00 45.95
-84.00 46.10
-84.00 46.25
-84.00 46.40
-84.00 46.55
-84.00 46.70
-84.00 46.85
-84.00 47.00
-83.85 41.00
-83.85 41.15
-83.85 41.30
-83.85 41.45
-83.85 41.60
-83.85 41.75
-83.85 41.90
-83.85 42.05
-83.85 42.20
-83.85 42.35
-83.85 42.50
-83.85 42.65
-83.85 42.80
-83.85 42.95
-83.85 43.10
-83.85 43.25
-83.85 43.40
-83.85 43.55
-83.85 43.70
-83.85 43.85
-83.85 44.00
-83.85 44.15
-83.85 44.30
-83.85 44.45
-83.85 44.60
-83.85 44.75
-83.85 44.90
-83.85 45.05
-83.85 45.20
-83.85 45.35
-83.85 45.50
-83.85 45.65
-83.85 45.80
-83.85 45.95
-83.85 46.10
-83.85 46.25
-83.85 46.40
-83.85 46.55
-83.85 46.70
-83.85 46.85
-83.85 47.00
-83.70 41.00
-83.70 41.15
-83.70 41.30
-83.70 41.45
-83.70 41.60
-83.70 41.75
-83.70 41.90
-83.70 42.05
-83.70 42.20
-83.70 42.35
-83.70 42.50
-83.70 42.65
-83.70 42.80
-83.70 42.95
-83.70 43.10
-83.70 43.25
-83.70 43.40
-83.70 43.55
-83.70 43.70
-83.70 43.85
-83.70 44.00
-83.70 44.15
-83.70 44.30
-83.70 44.45
-83.70 44.60
-83.70 44.75
-83.70 44.90
-83.70 45.05
-83.70 45.20
-83.70 45.35
-83.70 45.50
-83.70 45.65
-83.70 45.80
-83.70 45.95
-83.70 46.10
-83.70 46.25
-83.70 46.40
-83.70 46.55
-83.70 46.70
-83.70 46.85
-83.70 47.00
-83.55 41.00
-83.55 41.15
-83.55 41.30
-83.55 41.45
-83.55 41.60
-83.55 41.75
-83.55 41.90
-83.55 42.05
-83.55 42.20
-83.55 42.35
-83.55 42.50
-83.55 42.65
-83.55 42.80
-83.55 42.95
-83.55 43.10
-83.55 43.25
-83.55 43.40
-83.55 43.55
-83.55 43.70
-83.55 43.85
-83.55 44.00
-83.55 44.15
-83.55 44.30
-83.55 44.45
-83.55 44.60
-83.55 44.75
-83.55 44.90
-83.55 45.05
-83.55 45.20
-83.55 45.35
-83.55 45.50
-83.55 45.65
-83.55 45.80
-83.55 45.95
-83.55 46.10
-83.55 46.25
-83.55 46.40
-83.55 46.55
-83.55 46.70
-83.55 46.85
-83.55 47.00
-83.40 41.00
-83.40 41.15
-83.40 41.30
-83.40 41.45
-83.40 41.60
-83.40 41.75
-83.40 41.90
-83.40 42.05
-83.40 42.20
-83.40 42.35
-83.40 42.50
-83.40 42.65
-83.40 42.80
-83.40 42.95
-83.40 43.10
-83.40 43.25
-83.40 43.40
-83.40 43.55
-83.40 43.70
-83.40 43.85
-83.40 44.00
-83.40 44.15
-83.40 44.30
-83.40 44.45
-83.40 44.60
-83.40 44.75
-83.40 44.90
-83.40 45.05
-83.40 45.20
-83.40 45.35
-83.40 45.50
-83.40 45.65
-83.40 45.80
-83.40 45.95
-83.40 46.10
-83.40 46.25
-83.40 46.40
-83.40 46.55
-83.40 46.70
-83.40 46.85
-83.40 47.00
-83.25 41.00
-83.25 41.15
-83.25 41.30
-83.25 41.45
-83.25 41.60
-83.25 41.75
-83.25 41.90
-83.25 42.05
-83.25 42.20
-83.25 42.35
-83.25 42.50
-83.25 42.65
-83.25 42.80
-83.25 42.95
-83.25 43.10
-83.25 43.25
-83.25 43.40
-83.25 43.55
-83.25 43.70
-83.25 43.85
-83.25 44.00
-83.25 44.15
-83.25 44.30
-83.25 44.45
-83.25 44.60
-83.25 44.75
-83.25 44.90
-83.25 45.05
-83.25 45.20
-83.25 45.35
-83.25 45.50
-83.25 45.65
-83.25 45.80
-83.25 45.95
-83.25 46.10
-83.25 46.25
-83.25 46.40
-83.25 46.55
-83.25 46.70
-83.25 46.85
-83.25 47.00
-83.10 41.00
-83.10 41.15
-83.10 41.30
-83.10 41.45
-83.10 41.60
-83.10 41.75
-83.10 41.90
-83.10 42.05
-83.10 42.20
-83.10 42.35
-83.10 42.50
-83.10 42.65
-83.10 42.80
-83.10 42.95
-83.10 43.10
-83.10 43.25
-83.10 43.40
-83.10 43.55
-83.10 43.70
-83.10 43.85
-83.10 44.00
-83.10 44.15
-83.10 44.30
-83.10 44.45
-83.10 44.60
-83.10 44.75
-83.10 44.90
-83.10 45.05
-83.10 45.20
-83.10 45.35
-83.10 45.50
-83.10 45.65
-83.10 45.80
-83.10 45.95
-83.10 46.10
-83.10 46.25
-83.10 46.40
-83.10 46.55
-83.10 46.70
-83.10 46.85
-83.10 47.00
-82.95 41.00
-82.95 41.15
-82.95 41.30
-82.95 41.45
-82.95 41.60
-82.95 41.75
-82.95 41.90
-82.95 42.05
-82.95 42.20
-82.95 42.35
-82.95 42.50
-82.95 42.65
-82.95 42.80
-82.95 42.95
-82.95 43.10
-82.95 43.25
-82.95 43.40
-82.95 43.55
-82.95 43.70
-82.95 43.85
-82.95 44.00
-82.95 44.15
-82.95 44.30
-82.95 44.45
-82.95 44.60
-82.95 44.75
-82.95 44.90
-82.95 45.05
-82.95 45.20
-82.95 45.35
-82.95 45.50
-82.95 45.65
-82.95 45.80
-82.95 45.95
-82.95 46.10
-82.95 46.25
-82.95 46.40
-82.95 46.55
-82.95 46.70
-82.95 46.85
-82.95 47.00
-82.80 41.00
-82.80 41.15
-82.80 41.30
-82.80 41.45
-82.80 41.60
-82.80 41.75
-82.80 41.90
-82.80 42.05
-82.80 42.20
-82.80 42.35
-82.80 42.50
-82.80 42.65
-82.80 42.80
-82.80 42.95
-82.80 43.10
-82.80 43.25
-82.80 43.40
-82.80 43.55
-82.80 43.70
-82.80 43.85
-82.80 44.00
-82.80 44.15
-82.80 44.30
-82.80 44.45
-82.80 44.60
-82.80 44.75
-82.80 44.90
-82.80 45.05
-82.80 45.20
-82.80 45.35
-82.80 45.50
-82.80 45.65
-82.80 45.80
-82.80 45.95
-82.80 46.10
-82.80 46.25
-82.80 46.40
-82.80 46.55
-82.80 46.70
-82.80 46.85
-82.80 47.00
-82.65 41.00
-82.65 41.15
-82.65 41.30
-82.65 41.45
-82.65 41.60
-82.65 41.75
-82.65 41.90
-82.65 42.05
-82.65 42.20
-82.65 42.35
-82.65 42.50
-82.65 42.65
-82.65 42.80
-82.65 42.95
-82.65 43.10
-82.65 43.25
-82.65 43.40
-82.65 43.55
-82.65 43.70
-82.65 43.85
-82.65 44.00
-82.65 44.15
-82.65 44.30
-82.65 44.45
-82.65 44.60
-82.65 44.75
-82.65 44.90
-82.65 45.05
-82.65 45.20
-82.65 45.35
-82.65 45.50
-82.65 45.65
-82.65 45.80
-82.65 45.95
-82.65 46.10
-82.65 46.25
-82.65 46.40
-82.65 46.55
-82.65 46.70
-82.65 46.85
-82.65 47.00
-82.50 41.00
-82.50 41.15
-82.50 41.30
-82.50 41.45
-82.50 41.60
-82.50 41.75
-82.50 41.90
-82.50 42.05
-82.50 42.20
-82.50 42.35
-82.50 42.50
-82.50 42.65
-82.50 42.80
-82.50 42.95
-82.50 43.10
-82.50 43.25
-82.50 43.40
-82.50 43.55
-82.50 43.70
-82.50 43.85
-82.50 44.00
-82.50 44.15
-82.50 44.30
-82.50 44.45
-82.50 44.60
-82.50 44.75
-82.50 44.90
-82.50 45.05
-82.50 45.20
-82.50 45.35
-82.50 45.50
-82.50 45.65
-82.50 45.80
-82.50 45.95
-82.50 46.10
-82.50 46.25
-82.50 46.40
-82.50 46.55
-82.50 46.70
-82.50 46.85
-82.50 47.00
-82.35 41.00
-82.35 41.15
-82.35 41.30
-82.35 41.45
-82.35 41.60
-82.35 41.75
-82.35 41.90
-82.35 42.05
-82.35 42.20
-82.35 42.35
-82.35 42.50
-82.35 42.65
-82.35 42.80
-82.35 42.95
-82.35 43.10
-82.35 43.25
-82.35 43.40
-82.35 43.55
-82.35 43.70
-82.35 43.85
-82.35 44.00
-82.35 44.15
-82.35 44.30
-82.35 44.45
-82.35 44.60
-82.35 44.75
-82.35 44.90
-82.35 45.05
-82.35 45.20
-82.35 45.35
-82.35 45.50
-82.35 45.65
-82.35 45.80
-82.35 45.95
-82.35 46.10
-82.35 46.25
-82.35 46.40
-82.35 46.55
-82.35 46.70
-82.35 46.85
-82.35 47.00
-82.20 41.00
-82.20 41.15
-82.20 41.30
-82.20 41.45
-82.20 41.60
-82.20 41.75
-82.20 41.90
-82.20 42.05
-82.20 42.20
-82.20 42.35
-82.20 42.50
-82.20 42.65
-82.20 42.80
-82.20 42.95
-82.20 43.10
-82.20 43.25
-82.20 43.40
-82.20 43.55
-82.20 43.70
-82.20 43.85
-82.20 44.00
-82.20 44.15
-82.20 44.30
-82.20 44.45
-82.20 44.60
-82.20 44.75
-82.20 44.90
-82.20 45.05
-82.20 45.20
-82.20 45.35
-82.20 45.50
-82.20 45.65
-82.20 45.80
-82.20 45.95
-82.20 46.10
-82.20 46.25
-82.20 46.40
-82.20 46.55
-82.20 46.70
-82.20 46.85
-82.20 47.00
-82.05 41.00
-82.05 41.15
-82.05 41.30
-82.05 41.45
-82.05 41.60
-82.05 41.75
-82.05 41.90
-82.05 42.05
-82.05 42.20
-82.05 42.35
-82.05 42.50
-82.05 42.65
-82.05 42.80
-82.05 42.95
-82.05 43.10
-82.05 43.25
-82.05 43.40
-82.05 43.55
-82.05 43.70
-82.05 43.85
-82.05 44.00
-82.05 44.15
-82.05 44.30
-82.05 44.45
-82.05 44.60
-82.05 44.75
-82.05 44.90
-82.05 45.05
-82.05 45.20
-82.05 45.35
-82.05 45.50
-82.05 45.65
-82.05 45.80
-82.05 45.95
-82.05 46.10
-82.05 46.25
-82.05 46.40
-82.05 46.55
-82.05 46.70
-82.05 46.85
-82.05 47.00
-81.90 41.00
-81.90 41.15
-81.90 41.30
-81.90 41.45
-81.90 41.60
-81.90 41.75
-81.90 41.90
-81.90 42.05
-81.90 42.20
-81.90 42.35
-81.90 42.50
-81.90 42.65
-81.90 42.80
-81.90 42.95
-81.90 43.10
-81.90 43.25
-81.90 43.40
-81.90 43.55
-81.90 43.70
-81.90 43.85
-81.90 44.00
-81.90 44.15
-81.90 44.30
-81.90 44.45
-81.90 44.60
-81.90 44.75
-81.90 44.90
-81.90 45.05
-81.90 45.20
-81.90 45.35
-81.90 45.50
-81.90 45.65
-81.90 45.80
-81.90 45.95
-81.90 46.10
-81.90 46.25
-81.90 46.40
-81.90 46.55
-81.90 46.70
-81.90 46.85
-81.90 47.00
-81.75 41.00
-81.75 41.15
-81.75 41.30
-81.75 41.45
-81.75 41.60
-81.75 41.75
-81.75 41.90
-81.75 42.05
-81.75 42.20
-81.75 42.35
-81.75 42.50
-81.75 42.65
-81.75 42.80
-81.75 42.95
-81.75 43.10
-81.75 43.25
-81.75 43.40
-81.75 43.55
-81.75 43.70
-81.75 43.85
-81.75 44.00
-81.75 44.15
-81.75 44.30
-81.75 44.45
-81.75 44.60
-81.75 44.75
-81.75 44.90
-81.75 45.05
-81.75 45.20
-81.75 45.35
-81.75 45.50
-81.75 45.65
-81.75 45.80
-81.75 45.95
-81.75 46.10
-81.75 46.25
-81.75 46.40
-81.75 46.55
-81.75 46.70
-81.75 46.85
-81.75 47.00
-81.60 41.00
-81.60 41.15
-81.60 41.30
-81.60 41.45
-81.60 41.60
-81.60 41.75
-81.60 41.90
-81.60 42.05
-81.60 42.20
-81.60 42.35
-81.60 42.50
-81.60 42.65
-81.60 42.80
-81.60 42.95
-81.60 43.10
-81.60 43.25
-81.60 43.40
-81.60 43.55
-81.60 43.70
-81.60 43.85
-81.60 44.00
-81.60 44.15
-81.60 44.30
-81.60 44.45
-81.60 44.60
-81.60 44.75
-81.60 44.90
-81.60 45.05
-81.60 45.20
-81.60 45.35
-81.60 45.50
-81.60 45.65
-81.60 45.80
-81.60 45.95
-81.60 46.10
-81.60 46.25
-81.60 46.40
-81.60 46.55
-81.60 46.70
-81.60 46.85
-81.60 47.00
-81.45 41.00
-81.45 41.15
-81.45 41.30
-81.45 41.45
-81.45 41.60
-81.45 41.75
-81.45 41.90
-81.45 42.05
-81.45 42.20
-81.45 42.35
-81.45 42.50
-81.45 42.65
-81.45 42.80
-81.45 42.95
-81.45 43.10
-81.45 43.25
-81.45 43.40
-81.45 43.55
-81.45 43.70
-81.45 43.85
-81.45 44.00
-81.45 44.15
-81.45 44.30
-81.45 44.45
-81.45 44.60
-81.45 44.75
-81.45 44.90
-81.45 45.05
-81.45 45.20
-81.45 45.35
-81.45 45.50
-81.45 45.65
-81.45 45.80
-81.45 45.95
-81.45 46.10
-81.45 46.25
-81.45 46.40
-81.45 46.55
-81.45 46.70
-81.45 46.85
-81.45 47.00
-81.30 41.00
-81.30 41.15
-81.30 41.30
-81.30 41.45
-81.30 41.60
-81.30 41.75
-81.30 41.90
-81.30 42.05
-81.30 42.20
-81.30 42.35
-81.30 42.50
-81.30 42.65
-81.30 42.80
-81.30 42.95
-81.30 43.10
-81.30 43.25
-81.30 43.40
-81.30 43.55
-81.30 43.70
-81.30 43.85
-81.30 44.00
-81.30 44.15
-81.30 44.30
-81.30 44.45
-81.30 44.60
-81.30 44.75
-81.30 44.90
-81.30 45.05
-81.30 45.20
-81.30 45.35
-81.30 45.50
-81.30 45.65
-81.30 45.80
-81.30 45.95
-81.30 46.10
-81.30 46.25
-81.30 46.40
-81.30 46.55
-81.30 46.70
-81.30 46.85
-81.30 47.00
-81.15 41.00
-81.15 41.15
-81.15 41.30
-81.15 41.45
-81.15 41.60
-81.15 41.75
-81.15 41.90
-81.15 42.05
-81.15 42.20
-81.15 42.35
-81.15 42.50
-81.15 42.65
-81.15 42.80
-81.15 42.95
-81.15 43.10
-81.15 43.25
-81.15 43.40
-81.15 43.55
-81.15 43.70
-81.15 43.85
-81.15 44.00
-81.15 44.15
-81.15 44.30
-81.15 44.45
-81.15 44.60
-81.15 44.75
-81.15 44.90
-81.15 45.05
-81.15 45.20
-81.15 45.35
-81.15 45.50
-81.15 45.65
-81.15 45.80
-81.15 45.95
-81.15 46.10
-81.15 46.25
-81.15 46.40
-81.15 46.55
-81.15 46.70
-81.15 46.85
-81.15 47.00
-81.00 41.00
-81.00 41.15
-81.00 41.30
-81.00 41.45
-81.00 41.60
-81.00 41.75
-81.00 41.90
-81.00 42.05
-81.00 42.20
-81.00 42.35
-81.00 42.50
-81.00 42.65
-81.00 42.80
-81.00 42.95
-81.00 43.10
-81.00 43.25
-81.00 43.40
-81.00 43.55
-81.00 43.70
-81.00 43.85
-81.00 44.00
-81.00 44.15
-81.00 44.30
-81.00 44.45
-81.00 44.60
-81.00 44.75
-81.00 44.90
-81.00 45.05
-81.00 45.20
-81.00 45.35
-81.00 45.50
-81.00 45.65
-81.00 45.80
-81.00 45.95
-81.00 46.10
-81.00 46.25
-81.00 46.40
-81.00 46.55
-81.00 46.70
-81.00 46.85
-81.00 47.00
