-87.0 41.0
-87.0 41.3
-87.0 41.6
-87.0 41.9
-87.0 42.2
-87.0 42.5
-87.0 42.8
-87.0 43.1
-87.0 43.4
-87.0 43.7
-87.0 44.0
-87.0 44.3
-87.0 44.6
-87.0 44.9
-87.0 45.2
-87.0 45.5
-87.0 45.8
-87.0 46.1
-87.0 46.4
-87.0 46.7
-87.0 47.0
-86.7 41.0
-86.7 41.3
-86.7 41.6
-86.7 41.9
-86.7 42.2
-86.7 42.5
-86.7 42.8
-86.7 43.1
-86.7 43.4
-86.7 43.7
-86.7 44.0
-86.7 44.3
-86.7 44.6
-86.7 44.9
-86.7 45.2
-86.7 45.5
-86.7 45.8
-86.7 46.1
-86.7 46.4
-86.7 46.7
-86.7 47.0
-86.4 41.0
-86.4 41.3
-86.4 41.6
-86.4 41.9
-86.4 42.2
-86.4 42.5
-86.4 42.8
-86.4 43.1
-86.4 43.4
-86.4 43.7
-86.4 44.0
-86.4 44.3
-86.4 44.6
-86.4 44.9
-86.4 45.2
-86.4 45.5
-86.4 45.8
-86.4 46.1
-86.4 46.4
-86.4 46.7
-86.4 47.0
-86.1 41.0
-86.1 41.3
-86.1 41.6
-86.1 41.9
-86.1 42.2
-86.1 42.5
-86.1 42.8
-86.1 43.1
-86.1 43.4
-86.1 43.7
-86.1 44.0
-86.1 44.3
-86.1 44.6
-86.1 44.9
-86.1 45.2
-86.1 45.5
-86.1 45.8
-86.1 46.1
-86.1 46.4
-86.1 46.7
-86.1 47.0
-85.8 41.0
-85.8 41.3
-85.8 41.6
-85.8 41.9
-85.8 42.2
-85.8 42.5
-85.8 42.8
-85.8 43.1
-85.8 43.4
-85.8 43.7
-85.8 44.0
-85.8 44.3
-85.8 44.6
-85.8 44.9
-85.8 45.2
-85.8 45.5
-85.8 45.8
-85.8 46.1
-85.8 46.4
-85.8 46.7
-85.8 47.0
-85.5 41.0
-85.5 41.3
-85.5 41.6
-85.5 41.9
-85.5 42.2
-85.5 42.5
-85.5 42.8
-85.5 43.1
-85.5 43.4
-85.5 43.7
-85.5 44.0
-85.5 44.3
-85.5 44.6
-85.5 44.9
-85.5 45.2
-85.5 45.5
-85.5 45.8
-85.5 46.1
-85.5 46.4
-85.5 46.7
-85.5 47.0
-85.2 41.0
-85.2 41.3
-85.2 41.6
-85.2 41.9
-85.2 42.2
-85.2 42.5
-85.2 42.8
-85.2 43.1
-85.2 43.4
-85.2 43.7
-85.2 44.0
-85.2 44.3
-85.2 44.6
-85.2 44.9
-85.2 45.2
-85.2 45.5
-85.2 45.8
-85.2 46.1
-85.2 46.4
-85.2 46.7
-85.2 47.0
-84.9 41.0
-84.9 41.3
-84.9 41.6
-84.9 41.9
-84.9 42.2
-84.9 42.5
-84.9 42.8
-84.9 43.1
-84.9 43.4
-84.9 43.7
-84.9 44.0
-84.9 44.3
-84.9 44.6
-84.9 44.9
-84.9 45.2
-84.9 45.5
-84.9 45.8
-84.9 46.1
-84.9 46.4
-84.9 46.7
-84.9 47.0
-84.6 41.0
-84.6 41.3
-84.6 41.6
-84.6 41.9
-84.6 42.2
-84.6 42.5
-84.6 42.8
-84.6 43.1
-84.6 43.4
-84.6 43.7
-84.6 44.0
-84.6 44.3
-84.6 44.6
-84.6 44.9
-84.6 45.2
-84.6 45.5
-84.6 45.8
-84.6 46.1
-84.6 46.4
-84.6 46.7
-84.6 47.0
-84.3 41.0
-84.3 41.3
-84.3 41.6
-84.3 41.9
-84.3 42.2
-84.3 42.5
-84.3 42.8
-84.3 43.1
-84.3 43.4
-84.3 43.7
-84.3 44.0
-84.3 44.3
-84.3 44.6
-84.3 44.9
-84.3 45.2
-84.3 45.5
-84.3 45.8
-84.3 46.1
-84.3 46.4
-84.3 46.7
-84.3 47.0
-84.0 41.0
-84.0 41.3
-84.0 41.6
-84.0 41.9
-84.0 42.2
-84.0 42.5
-84.0 42.8
-84.0 43.1
-84.0 43.4
-84.0 43.7
-84.0 44.0
-84.0 44.3
-84.0 44.6
-84.0 44.9
-84.0 45.2
-84.0 45.5
-84.0 45.8
-84.0 46.1
-84.0 46.4
-84.0 46.7
-84.0 47.0
-83.7 41.0
-83.7 41.3
-83.7 41.6
-83.7 41.9
-83.7 42.2
-83.7 42.5
-83.7 42.8
-83.7 43.1
-83.7 43.4
-83.7 43.7
-83.7 44.0
-83.7 44.3
-83.7 44.6
-83.7 44.9
-83.7 45.2
-83.7 45.5
-83.7 45.8
-83.7 46.1
-83.7 46.4
-83.7 46.7
-83.7 47.0
-83.4 41.0
-83.4 41.3
-83.4 41.6
-83.4 41.9
-83.4 42.2
-83.4 42.5
-83.4 42.8
-83.4 43.1
-83.4 43.4
-83.4 43.7
-83.4 44.0
-83.4 44.3
-83.4 44.6
-83.4 44.9
-83.4 45.2
-83.4 45.5
-83.4 45.8
-83.4 46.1
-83.4 46.4
-83.4 46.7
-83.4 47.0
-83.1 41.0
-83.1 41.3
-83.1 41.6
-83.1 41.9
-83.1 42.2
-83.1 42.5
-83.1 42.8
-83.1 43.1
-83.1 43.4
-83.1 43.7
-83.1 44.0
-83.1 44.3
-83.1 44.6
-83.1 44.9
-83.1 45.2
-83.1 45.5
-83.1 45.8
-83.1 46.1
-83.1 46.4
-83.1 46.7
-83.1 47.0
-82.8 41.0
-82.8 41.3
-82.8 41.6
-82.8 41.9
-82.8 42.2
-82.8 42.5
-82.8 42.8
-82.8 43.1
-82.8 43.4
-82.8 43.7
-82.8 44.0
-82.8 44.3
-82.8 44.6
-82.8 44.9
-82.8 45.2
-82.8 45.5
-82.8 45.8
-82.8 46.1
-82.8 46.4
-82.8 46.7
-82.8 47.0
-82.5 41.0
-82.5 41.3
-82.5 41.6
-82.5 41.9
-82.5 42.2
-82.5 42.5
-82.5 42.8
-82.5 43.1
-82.5 43.4
-82.5 43.7
-82.5 44.0
-82.5 44.3
-82.5 44.6
-82.5 44.9
-82.5 45.2
-82.5 45.5
-82.5 45.8
-82.5 46.1
-82.5 46.4
-82.5 46.7
-82.5 47.0
-82.2 41.0
-82.2 41.3
-82.2 41.6
-82.2 41.9
-82.2 42.2
-82.2 42.5
-82.2 42.8
-82.2 43.1
-82.2 43.4
-82.2 43.7
-82.2 44.0
-82.2 44.3
-82.2 44.6
-82.2 44.9
-82.2 45.2
-82.2 45.5
-82.2 45.8
-82.2 46.1
-82.2 46.4
-82.2 46.7
-82.2 47.0
-81.9 41.0
-81.9 41.3
-81.9 41.6
-81.9 41.9
-81.9 42.2
-81.9 42.5
-81.9 42.8
-81.9 43.1
-81.9 43.4
-81.9 43.7
-81.9 44.0
-81.9 44.3
-81.9 44.6
-81.9 44.9
-81.9 45.2
-81.9 45.5
-81.9 45.8
-81.9 46.1
-81.9 46.4
-81.9 46.7
-81.9 47.0
-81.6 41.0
-81.6 41.3
-81.6 41.6
-81.6 41.9
-81.6 42.2
-81.6 42.5
-81.6 42.8
-81.6 43.1
-81.6 43.4
-81.6 43.7
-81.6 44.0
-81.6 44.3
-81.6 44.6
-81.6 44.9
-81.6 45.2
-81.6 45.5
-81.6 45.8
-81.6 46.1
-81.6 46.4
-81.6 46.7
-81.6 47.0
-81.3 41.0
-81.3 41.3
-81.3 41.6
-81.3 41.9
-81.3 42.2
-81.3 42.5
-81.3 42.8
-81.3 43.1
-81.3 43.4
-81.3 43.7
-81.3 44.0
-81.3 44.3
-81.3 44.6
-81.3 44.9
-81.3 45.2
-81.3 45.5
-81.3 45.8
-81.3 46.1
-81.3 46.4
-81.3 46.7
-81.3 47.0
-81.0 41.0
-81.0 41.3
-81.0 41.6
-81.0 41.9
-81.0 42.2
-81.0 42.5
-81.0 42.8
-81.0 43.1
-81.0 43.4
-81.0 43.7
-81.0 44.0
-81.0 44.3
-81.0 44.6
-81.0 44.9
-81.0 45.2
-81.0 45.5
-81.0 45.8
-81.0 46.1
-81.0 46.4
-81.0 46.7
-81.0 47.0
